1240509001643295209218452620132081811080590847531087554979616261833217918851222862100855372936806962
1262434417570263265684580536367364820816487848796552171698224982927840930141228234102869057615640897
1299711332815849711072767903902862727312994835375666356031264960711696253920046072171336128394352265
988656040568048246065899340493557526936544482977837229803874529541266899964911137352237292176643507
477837107481957899566310048737064159154715272036792363754587788409530082926226853142560042847921404
489149036633764527331447754359996077204073050764273010621193934037761950181285605210333976751311546
971372541749636130190401095071260456795154844040404347170263963860348670760393738930778783039224688
768483773918298579360171701742217351155123756033104197811461519635396886503267866444086102323212609
1046678671766956328594690012057672779212207948030329090347186636492675977501810499652934570868877526
1268715408662991016822839168713380125001745374845640427085940362084481302958214611141612465906940991
731872396519141924306648241869393203801993077744894586800562579617281945306852425935149960764756019
664228766497176063354902768803500628013441555293518474323876871762702853937139535473605950614076476
1125887082189274282668201840765333018973458990882277836964790571771238267051504392246924583433443327
158255723105855685707825447714805362218837084433786105778405196799281652656107683022874791377545575
83361972157262415560507225912565159483747921866880192109395483024746898415743494479190072795316209
774842186971857947108545924381172088986128003947823788958058129697550456511254603592691651322026876
